0번 클러스터링 0차원 값
76.000000
52.000000
80.000000
85.000000
55.000000
82.000000
49.000000
79.000000
55.000000
60.000000
66.000000
76.000000
77.000000
89.000000
63.000000
70.000000
96.000000
50.000000
46.000000
61.000000
78.000000
79.000000
62.000000
70.000000
43.000000
51.000000
76.000000
49.000000
50.000000
48.000000
69.000000
54.000000
75.000000
84.000000
95.000000
36.000000
49.000000
39.000000
37.000000
46.000000
47.000000
39.000000
85.000000
96.000000
91.000000
93.000000
52.000000
60.000000
92.000000
76.000000
68.000000
94.000000
89.000000
58.000000
65.000000
73.000000
100.000000
57.000000
89.000000
56.000000
96.000000
82.000000
86.000000
77.000000
70.000000
83.000000
63.000000
80.000000
98.000000
51.000000
87.000000
1번 클러스터링 0차원 값
0.810000
4.050000
26.730000
21.060000
14.580000
0.810000
8.910000
33.210000
4.050000
4.050000
12.960000
3.240000
13.770000
16.200000
34.830000
2.430000
4.050000
17.820000
28.350000
19.440000
12.960000
17.820000
3.240000
24.300000
3.240000
0.000000
8.910000
33.210000
28.350000
25.920000
15.390000
6.480000
22.680000
19.440000
6.480000
13.770000
21.060000
1.620000
3.240000
25.920000
21.060000
31.590000
12.150000
25.920000
16.200000
4.050000
5.670000
14.580000
34.830000
21.870000
6.480000
11.340000
2.430000
30.780000
29.160000
15.390000
2번 클러스터링 0차원 값
8.100000
26.730000
38.880000
38.070000
29.970000
50.220000
51.840000
63.180000
46.170000
47.790000
30.780000
59.940000
63.180000
57.510000
43.740000
25.920000
30.780000
51.840000
56.700000
28.350000
39.690000
8.910000
39.690000
25.920000
73.710000
14.580000
69.660000
9.720000
11.340000
70.470000
45.360000
29.970000
17.010000
39.690000
17.820000
38.880000
30.780000
21.870000
22.680000
37.260000
34.020000
35.640000
12.150000
12.150000
35.640000
14.580000
37.260000
21.870000
27.540000
59.400000
54.900000
74.700000
55.800000
63.900000
85.500000
87.300000
55.800000
78.300000
56.700000
49.500000
69.300000
45.900000
56.700000
50.400000
75.600000
66.600000
67.500000
52.200000
76.500000
81.000000
55.800000
69.300000
71.000000
0번 클러스터링 1차원 값
99.000000
72.000000
60.000000
57.000000
41.000000
57.000000
76.000000
87.000000
63.000000
98.000000
57.000000
47.000000
88.000000
42.000000
76.000000
55.000000
45.000000
93.000000
64.000000
79.000000
87.000000
40.000000
57.000000
96.000000
87.000000
65.000000
72.000000
96.000000
73.000000
55.000000
47.000000
63.000000
77.000000
93.000000
30.000000
94.000000
50.000000
71.000000
89.000000
92.000000
61.000000
79.000000
44.000000
49.000000
34.000000
50.000000
89.000000
68.000000
81.000000
66.000000
81.000000
86.000000
92.000000
89.000000
63.000000
58.000000
89.000000
63.000000
83.000000
67.000000
69.000000
73.000000
61.000000
72.000000
61.000000
52.000000
92.000000
53.000000
82.000000
66.000000
54.000000
1번 클러스터링 1차원 값
36.450000
56.700000
43.740000
28.350000
36.450000
46.980000
60.750000
46.980000
46.980000
67.230000
48.600000
39.690000
45.360000
76.140000
39.690000
30.780000
37.260000
55.080000
47.790000
34.020000
25.920000
28.350000
55.890000
41.310000
15.390000
17.010000
24.300000
38.880000
32.400000
35.640000
25.920000
34.830000
39.690000
24.300000
52.650000
54.270000
78.570000
55.080000
43.740000
59.940000
79.380000
53.460000
77.760000
56.700000
54.270000
63.990000
42.930000
77.760000
42.120000
55.890000
64.800000
65.610000
62.370000
53.460000
51.840000
46.980000
2번 클러스터링 1차원 값
2.430000
17.820000
21.870000
0.810000
27.540000
3.240000
15.390000
17.820000
1.620000
25.110000
7.290000
20.250000
20.250000
1.620000
9.720000
1.620000
12.960000
1.620000
1.620000
16.200000
12.960000
11.340000
21.870000
0.810000
17.820000
8.100000
20.250000
10.530000
9.720000
8.100000
25.920000
24.300000
5.670000
17.010000
2.430000
29.160000
6.480000
0.000000
9.720000
18.630000
23.490000
16.200000
8.910000
3.240000
25.920000
6.480000
11.340000
7.290000
16.200000
32.400000
28.800000
5.400000
5.400000
27.900000
14.400000
16.200000
24.300000
3.600000
27.000000
19.800000
10.800000
0.900000
15.300000
36.900000
7.200000
25.200000
13.500000
34.200000
21.600000
10.800000
27.900000
30.600000
40.000000
