0번 클러스터링 0차원 값
76.000000
52.000000
77.000000
80.000000
71.000000
85.000000
55.000000
82.000000
49.000000
79.000000
55.000000
60.000000
66.000000
76.000000
77.000000
89.000000
63.000000
70.000000
96.000000
50.000000
46.000000
61.000000
78.000000
79.000000
62.000000
70.000000
43.000000
51.000000
76.000000
49.000000
50.000000
48.000000
69.000000
54.000000
75.000000
84.000000
95.000000
36.000000
49.000000
39.000000
37.000000
46.000000
47.000000
39.000000
1번 클러스터링 0차원 값
1.000000
5.000000
33.000000
26.000000
18.000000
1.000000
11.000000
41.000000
5.000000
5.000000
16.000000
4.000000
17.000000
20.000000
43.000000
3.000000
5.000000
22.000000
35.000000
24.000000
16.000000
22.000000
4.000000
30.000000
4.000000
0.000000
11.000000
41.000000
35.000000
32.000000
19.000000
8.000000
28.000000
24.000000
8.000000
17.000000
26.000000
2.000000
4.000000
32.000000
26.000000
39.000000
15.000000
32.000000
20.000000
5.000000
7.000000
18.000000
43.000000
27.000000
8.000000
14.000000
3.000000
38.000000
36.000000
19.000000
2번 클러스터링 0차원 값
9.000000
29.700000
43.200000
42.300000
33.300000
55.800000
57.600000
70.200000
51.300000
53.100000
34.200000
66.600000
70.200000
63.900000
48.600000
28.800000
34.200000
57.600000
63.000000
31.500000
44.100000
9.900000
44.100000
28.800000
81.900000
16.200000
77.400000
10.800000
12.600000
78.300000
50.400000
33.300000
18.900000
44.100000
19.800000
43.200000
34.200000
24.300000
25.200000
41.400000
37.800000
39.600000
13.500000
13.500000
39.600000
16.200000
41.400000
24.300000
30.600000
66.000000
0번 클러스터링 1차원 값
99.000000
72.000000
34.000000
60.000000
40.000000
57.000000
41.000000
57.000000
76.000000
87.000000
63.000000
98.000000
57.000000
47.000000
88.000000
42.000000
76.000000
55.000000
45.000000
93.000000
64.000000
79.000000
87.000000
40.000000
57.000000
96.000000
87.000000
65.000000
72.000000
96.000000
73.000000
55.000000
47.000000
63.000000
77.000000
93.000000
30.000000
94.000000
50.000000
71.000000
89.000000
92.000000
61.000000
79.000000
1번 클러스터링 1차원 값
45.000000
70.000000
54.000000
35.000000
45.000000
58.000000
75.000000
58.000000
58.000000
83.000000
60.000000
49.000000
56.000000
94.000000
49.000000
38.000000
46.000000
68.000000
59.000000
42.000000
32.000000
35.000000
69.000000
51.000000
19.000000
21.000000
30.000000
48.000000
40.000000
44.000000
32.000000
43.000000
49.000000
30.000000
65.000000
67.000000
97.000000
68.000000
54.000000
74.000000
98.000000
66.000000
96.000000
70.000000
67.000000
79.000000
53.000000
96.000000
52.000000
69.000000
80.000000
81.000000
77.000000
66.000000
64.000000
58.000000
2번 클러스터링 1차원 값
2.700000
19.800000
24.300000
0.900000
30.600000
3.600000
17.100000
19.800000
1.800000
27.900000
8.100000
22.500000
22.500000
1.800000
10.800000
1.800000
14.400000
1.800000
1.800000
18.000000
14.400000
12.600000
24.300000
0.900000
19.800000
9.000000
22.500000
11.700000
10.800000
9.000000
28.800000
27.000000
6.300000
18.900000
2.700000
32.400000
7.200000
0.000000
10.800000
20.700000
26.100000
18.000000
9.900000
3.600000
28.800000
7.200000
12.600000
8.100000
18.000000
36.000000
