0번 클러스터링 0차원 값
0.000000
7.200000
18.000000
7.200000
12.600000
18.900000
7.200000
3.600000
0.000000
12.600000
7.200000
5.400000
11.700000
7.200000
16.200000
21.600000
1번 클러스터링 0차원 값
42.300000
36.900000
34.200000
37.800000
35.100000
43.200000
25.200000
37.800000
25.200000
44.100000
37.800000
2번 클러스터링 0차원 값
42.000000
36.000000
34.000000
29.000000
24.000000
23.000000
22.000000
27.000000
26.000000
19.000000
37.000000
46.000000
28.000000
23.000000
34.000000
21.000000
39.000000
33.000000
40.000000
15.000000
14.000000
12.000000
23.000000
11.000000
8.000000
18.000000
5.000000
3.000000
0.000000
0.000000
17.000000
1.800000
32.400000
0번 클러스터링 1차원 값
44.100000
42.300000
32.400000
22.500000
36.900000
42.300000
42.300000
37.800000
32.400000
36.000000
21.600000
31.500000
26.100000
43.200000
42.300000
31.500000
1번 클러스터링 1차원 값
23.400000
31.500000
36.900000
33.300000
32.400000
44.100000
36.900000
45.000000
36.900000
30.600000
39.600000
2번 클러스터링 1차원 값
8.000000
21.000000
13.000000
23.000000
2.000000
20.000000
20.000000
26.000000
17.000000
10.000000
6.000000
11.000000
6.000000
17.000000
2.000000
12.000000
5.000000
23.000000
20.000000
3.000000
14.000000
3.000000
7.000000
0.000000
14.000000
24.000000
13.000000
2.000000
13.000000
3.000000
14.000000
15.300000
23.400000
