0번 클러스터링 0차원 값
0.000000
6.480000
16.200000
6.480000
11.340000
17.010000
6.480000
3.240000
0.000000
11.340000
4.860000
10.530000
6.480000
14.580000
19.440000
25.200000
1번 클러스터링 0차원 값
42.300000
36.900000
34.200000
37.800000
35.100000
43.200000
37.800000
25.200000
44.100000
37.800000
47.000000
47.000000
40.000000
2번 클러스터링 0차원 값
42.000000
36.000000
34.000000
29.000000
24.000000
23.000000
22.000000
27.000000
26.000000
19.000000
37.000000
46.000000
28.000000
23.000000
34.000000
21.000000
39.000000
33.000000
15.000000
14.000000
12.000000
23.000000
11.000000
8.000000
18.000000
5.000000
3.000000
0.000000
0.000000
17.000000
1.800000
32.400000
39.000000
31.000000
40.000000
27.000000
28.000000
33.000000
40.000000
40.000000
6.480000
0번 클러스터링 1차원 값
39.690000
38.070000
29.160000
20.250000
33.210000
38.070000
38.070000
34.020000
29.160000
32.400000
28.350000
23.490000
38.880000
38.070000
28.350000
36.900000
1번 클러스터링 1차원 값
23.400000
31.500000
36.900000
33.300000
32.400000
44.100000
45.000000
36.900000
30.600000
39.600000
20.000000
24.000000
20.000000
2번 클러스터링 1차원 값
8.000000
21.000000
13.000000
23.000000
2.000000
20.000000
20.000000
26.000000
17.000000
10.000000
6.000000
11.000000
6.000000
17.000000
2.000000
12.000000
5.000000
23.000000
3.000000
14.000000
3.000000
7.000000
0.000000
14.000000
24.000000
13.000000
2.000000
13.000000
3.000000
14.000000
15.300000
23.400000
21.000000
22.000000
6.000000
19.000000
25.000000
19.000000
17.000000
13.000000
19.440000
