0번 클러스터링 0차원 값
0.000000
8.000000
20.000000
8.000000
14.000000
21.000000
8.000000
4.000000
0.000000
14.000000
8.000000
6.000000
13.000000
8.000000
18.000000
24.000000
2.000000
1번 클러스터링 0차원 값
47.000000
41.000000
38.000000
42.000000
36.000000
39.000000
48.000000
28.000000
42.000000
28.000000
49.000000
42.000000
2번 클러스터링 0차원 값
42.000000
36.000000
34.000000
29.000000
24.000000
23.000000
22.000000
27.000000
26.000000
19.000000
37.000000
46.000000
28.000000
23.000000
34.000000
21.000000
39.000000
33.000000
40.000000
15.000000
14.000000
0번 클러스터링 1차원 값
49.000000
47.000000
36.000000
25.000000
41.000000
47.000000
47.000000
42.000000
36.000000
40.000000
24.000000
35.000000
29.000000
48.000000
47.000000
35.000000
17.000000
1번 클러스터링 1차원 값
26.000000
35.000000
41.000000
37.000000
26.000000
36.000000
49.000000
41.000000
50.000000
41.000000
34.000000
44.000000
2번 클러스터링 1차원 값
8.000000
21.000000
13.000000
23.000000
2.000000
20.000000
20.000000
26.000000
17.000000
10.000000
6.000000
11.000000
6.000000
17.000000
2.000000
12.000000
5.000000
23.000000
20.000000
3.000000
14.000000
