0번 클러스터링 0차원 값
0.000000
5.832000
14.580000
10.206000
15.309000
5.832000
2.916000
0.000000
10.206000
4.374000
9.477000
5.832000
13.122000
17.496000
22.680000
6.300000
0.000000
14.400000
7.200000
15.300000
13.500000
20.700000
8.100000
6.300000
13.500000
20.412000
1번 클러스터링 0차원 값
38.070000
33.210000
30.780000
34.020000
31.590000
38.880000
34.020000
39.690000
34.020000
42.300000
42.300000
43.000000
38.000000
44.000000
38.000000
34.000000
41.000000
28.000000
47.000000
28.000000
36.000000
2번 클러스터링 0차원 값
34.020000
29.160000
27.540000
23.490000
19.440000
18.630000
17.820000
21.870000
21.060000
15.390000
29.970000
37.260000
22.680000
18.630000
27.540000
17.010000
31.590000
26.730000
12.150000
11.340000
9.720000
18.630000
8.910000
6.480000
14.580000
4.050000
2.430000
0.000000
0.000000
13.770000
1.458000
26.244000
31.590000
25.110000
32.400000
21.870000
22.680000
26.730000
32.400000
32.400000
5.248800
5.832000
36.000000
0번 클러스터링 1차원 값
35.721000
34.263000
26.244000
29.889000
34.263000
34.263000
30.618000
26.244000
29.160000
25.515000
21.141000
34.992000
34.263000
25.515000
33.210000
26.100000
32.400000
23.400000
35.100000
27.900000
31.500000
41.400000
36.000000
29.700000
25.200000
29.889000
1번 클러스터링 1차원 값
21.060000
28.350000
33.210000
29.970000
29.160000
39.690000
40.500000
27.540000
35.640000
18.000000
21.600000
38.000000
50.000000
46.000000
37.000000
42.000000
32.000000
31.000000
41.000000
42.000000
26.000000
2번 클러스터링 1차원 값
6.480000
17.010000
10.530000
18.630000
1.620000
16.200000
16.200000
21.060000
13.770000
8.100000
4.860000
8.910000
4.860000
13.770000
1.620000
9.720000
4.050000
18.630000
2.430000
11.340000
2.430000
5.670000
0.000000
11.340000
19.440000
10.530000
1.620000
10.530000
2.430000
11.340000
12.393000
18.954000
17.010000
17.820000
4.860000
15.390000
20.250000
15.390000
13.770000
10.530000
15.746400
18.225000
18.000000
