0번 클러스터링 0차원 값
0.000000
6.480000
16.200000
6.480000
11.340000
17.010000
6.480000
3.240000
0.000000
11.340000
4.860000
10.530000
6.480000
14.580000
19.440000
25.200000
7.000000
0.000000
16.000000
8.000000
17.000000
15.000000
23.000000
9.000000
7.000000
15.000000
22.680000
1번 클러스터링 0차원 값
38.070000
33.210000
30.780000
34.020000
31.590000
38.880000
34.020000
39.690000
34.020000
42.300000
42.300000
36.000000
2번 클러스터링 0차원 값
37.800000
32.400000
30.600000
26.100000
21.600000
20.700000
19.800000
24.300000
23.400000
17.100000
33.300000
41.400000
25.200000
20.700000
30.600000
18.900000
35.100000
29.700000
13.500000
12.600000
10.800000
20.700000
9.900000
7.200000
16.200000
4.500000
2.700000
0.000000
0.000000
15.300000
1.620000
29.160000
35.100000
27.900000
36.000000
24.300000
25.200000
29.700000
36.000000
36.000000
5.832000
0번 클러스터링 1차원 값
39.690000
38.070000
29.160000
20.250000
33.210000
38.070000
38.070000
34.020000
29.160000
32.400000
28.350000
23.490000
38.880000
38.070000
28.350000
36.900000
29.000000
36.000000
26.000000
39.000000
31.000000
35.000000
46.000000
40.000000
33.000000
28.000000
33.210000
1번 클러스터링 1차원 값
21.060000
28.350000
33.210000
29.970000
29.160000
39.690000
40.500000
27.540000
35.640000
18.000000
21.600000
18.000000
2번 클러스터링 1차원 값
7.200000
18.900000
11.700000
20.700000
1.800000
18.000000
18.000000
23.400000
15.300000
9.000000
5.400000
9.900000
5.400000
15.300000
1.800000
10.800000
4.500000
20.700000
2.700000
12.600000
2.700000
6.300000
0.000000
12.600000
21.600000
11.700000
1.800000
11.700000
2.700000
12.600000
13.770000
21.060000
18.900000
19.800000
5.400000
17.100000
22.500000
17.100000
15.300000
11.700000
17.496000
